rawdata/1.bmp 1 267 17 55 60
rawdata/10.bmp 1 431 171 188 180
rawdata/11.bmp 4 80 26 55 56 241 47 107 119 534 13 195 215 947 16 136 153
rawdata/12.bmp 6 59 3 41 46
rawdata/13.bmp 4 114 79 80 88 230 93 64 67 625 110 63 53
rawdata/14.bmp 1 1090 372 459 427
rawdata/15.bmp 1 440 50 189 203
rawdata/16.bmp 2 446 57 108 137 545 68 108 120
rawdata/17.bmp 1 256 23 131 137
rawdata/18.bmp 1 230 7 154 157
rawdata/2.bmp 1 352 31 117 139
rawdata/20.bmp 2 93 57 234 247 371 19 260 321
rawdata/22.bmp 1 117 7 152 166
rawdata/24.bmp 1 195 83 110 112
rawdata/25.bmp 2 330 92 97 106 601 44 76 91
rawdata/26.bmp 2 243 58 64 88 163 56 64 74
rawdata/27.bmp 1 325 31 159 193
rawdata/28.bmp 1 438 271 132 158
rawdata/29.bmp 1 449 16 81 70
rawdata/3.bmp 2 255 47 160 181 1022 140 157 146
rawdata/30.bmp 2 382 151 75 102 310 51 76 96
rawdata/31.bmp 1 1108 70 599 596
rawdata/32.bmp 1 117 53 139 141
rawdata/33.bmp 4 692 471 89 96 756 352 125 160 850 3 535 471 840 361 148 137
rawdata/34.bmp 3 240 335 80 85 416 63 433 519 1156 388 95 125
rawdata/36.bmp 1 200 44 362 548
rawdata/37.bmp 2 208 258 553 670 806 312 669 685
rawdata/38.bmp 2 279 52 110 125 379 48 111 130
rawdata/39.bmp 2 119 31 79 80 212 73 84 94
rawdata/40.bmp 2 358 71 117 124 458 2 118 120
rawdata/41.bmp 6 385 520 126 105 731 502 165 162 1066 493 85 90 912 463 56 54 1067 471 45 48 740 469 80 70
rawdata/5.bmp 4 435 247 79 68 500 212 82 68 577 223 68 57 638 199 97 78
rawdata/6.bmp 27 552 676 62 69 685 550 61 64 1212 515 55 64 808 435 63 68 584 376 56 62 537 309 36 45 527 221 34 46 637 255 41 42 555 154 46 51 311 119 45 45 404 23 36 34 552 13 26 34 667 92 39 41 752 40 39 44 788 1 36 30 853 177 42 48 925 97 44 41 1013 61 34 43 1032 277 47 48 1249 246 53 51 1227 150 51 58 1309 116 41 46 1362 138 40 44 1436 106 52 45 1204 14 38 39 1088 39 48 50 1004 62 43 39
rawdata/7.bmp 2 273 33 119 126 369 21 101 109
rawdata/8.bmp 1 673 15 209 204
rawdata/9.bmp 1 562 6 192 191
